36
90
19
79
41
57
94
10
51
44
64
58
24
98
61
51
31
30
26
17
92
83
54
23
23
95
48
70
24
88
73
31
54
24
3
55
95
73
47
81
34
16
28
30
12
97
59
60
54
82
95
4
61
16
20
67
12
60
69
54
44
15
34
48
64
46
93
44
49
53
37
88
40
99
57
35
74
52
60
94
30
1
28
32
31
13
96
51
59
20
86
78
4
95
16
44
69
75
87
72
6
73
48
48
42
88
2
39
49
21
59
41
75
45
13
22
21
4
100
98
84
91
13
14
87
18
80
18
29
22
16
18
2
99
32
28
4
93
83
62
12
5
94
14
4
54
72
23
59
61
5
99
80
93
64
39
57
75
76
95
83
62
88
100
22
7
78
46
54
82
80
49
17
81
28
88
31
63
95
88
80
31
48
23
71
49
20
66
12
85
3
36
76
84
81
59
87
35
49
81
22
94
70
9
100
21
34
88
54
73
47
29
44
66
73
36
29
50
23
74
20
69
50
72
57
59
67
18
80
65
80
15
95
85
94
89
49
62
56
33
48
35
67
42
51
13
50
97
40
23
35
91
7
71
3
85
70
88
17
63
55
68
56
41
64
57
53
88
65
15
26
30
20
48
76
37
10
29
69
69
61
81
24
52
29
33
68
74
75
44
63
20
96
55
23
78
98
1
45
79
43
50
55
52
61
96
73
85
10
39
75
49
28
50
71
1
64
73
35
5
54
97
64
76
28
8
42
49
66
80
66
47
97
79
79
96
51
76
95
5
29
70
96
21
69
31
89
86
37
6
86
93
50
47
78
38
21
48
5
79
19
33
93
97
100
4
94
34
75
93
12
46
14
92
61
59
77
44
4
54
60
23
39
42
10
39
32
27
64
30
45
63
78
48
86
22
62
71
75
27
65
97
91
74
19
31
63
11
76
3
57
65
42
100
39
5
97
48
70
69
91
51
94
5
4
83
25
69
23
95
72
51
37
100
85
63
53
38
13
47
21
60
81
24
46
18
34
89
87
85
89
85
49
56
12
21
31
74
59
96
20
66
98
67
76
32
88
16
98
47
8
77
34
40
27
23
90
17
28
26
77
70
66
92
42
40
24
43
67
4
27
26
46
2
36
31
94
54
11
47
89
92
47
89
88
11
70
80
9
85
37
98
23
63
76
52
16
43
29
37
64
6
51
52
40
56
46
55
68
9
17
42
85
44
85
32
60
64
68
62
99
6
62
67
83
94
26
13
50
6
64
79
83
97
68
90
2
31
94
60
74
89
28
10
100
32
39
55
90
41
37
22
10
16
67
89
20
80
95
73
36
48
84
77
11
48
61
2
21
35
86
30
100
65
76
54
55
37
97
69
73
9
29
61
62
24
83
34
28
96
92
10
4
95
22
23
90
39
9
85
88
79
97
61
5
80
43
39
69
67
93
100
42
73
97
47
85
37
50
25
11
43
28
1
48
79
90
86
46
25
12
33
19
65
85
15
35
37
92
72
66
94
85
1
20
6
21
92
61
40
41
65
53
50
70
26
87
91
11
40
3
88
13
77
96
27
78
15
7
39
89
54
16
53
84
94
94
6
91
13
92
8
25
37
20
18
21
63
64
62
81
87
94
55
76
79
17
16
65
34
62
70
48
97
7
14
71
91
78
47
68
79
60
8
82
42
23
71
37
34
12
71
59
23
50
99
6
10
15
20
79
92
94
5
20
53
48
88
63
66
84
22
46
1
10
10
43
84
15
51
9
99
90
30
51
74
100
18
24
39
3
47
49
18
23
98
4
55
13
73
99
13
49
28
7
4
72
40
39
88
93
76
14
36
51
81
42
5
49
75
37
23
25
24
48
53
28
23
99
86
25
88
63
97
90
100
19
94
89
50
69
11
21
3
5
32
3
25
28
14
80
22
38
29
62
15
50
70
52
54
64
67
19
71
12
89
49
37
18
4
48
57
18
67
19
51
20
37
82
37
56
6
63
82
67
51
68
2
76
36
49
13
13
42
33
19
62
52
51
21
21
62
93
3
82
42
28
51
36
83
23
90
72
53
31
44
93
85
53
42
3
100
35
73
44
79
50
35
67
8
44
17
2
54
4
79
50
24
31
35
10
27
12
52
69
6
52
92
94
46
37
10
29
25
38
59
96
3
34
75
35
5
86
8
46
47
10
64
80
92
36
33
11
58
94
5
81
45
55
26
65
52
23
24
3
23
23
38
5
80
15
62
30
25
51
74
65
9
57
67
93
52
61
29
63
83
99
28
57
49
